Image Name: santos
[[ 28 125]
 [ 32 203]
 [ 33  47]
 [ 31  85]
 [ 32 164]
 [ 32  11]]
----------------------------------------------------------------------------------------------------Image Name: 1996
[[ 45  14]
 [ 43 167]
 [ 41  67]
 [ 41 118]]
----------------------------------------------------------------------------------------------------Image Name: proibido
[[ 5 26]
 [ 5  7]
 [ 6 46]
 [ 5 14]
 [ 6 39]
 [ 5 33]
 [ 6 20]
 [ 5  1]]
----------------------------------------------------------------------------------------------------Image Name: sao
[[ 29 108]
 [ 29  59]
 [ 32  15]]
----------------------------------------------------------------------------------------------------Image Name: reis
[[19 25]
 [19 69]
 [18  5]
 [19 48]]
----------------------------------------------------------------------------------------------------Image Name: paulo
[[ 7 12]
 [ 7 41]
 [ 6  2]
 [ 6 22]
 [ 7 31]]
----------------------------------------------------------------------------------------------------